51.75 0.00 242.00 1.00
48.54 2.00 255.00 1.00
56.84 1.00 210.00 1.00
73.34 2.00 249.00 1.00
60.56 0.00 218.00 1.00
64.47 1.00 255.00 1.00
69.32 1.00 231.00 1.00
60.62 0.00 231.00 1.00
55.21 1.00 217.00 1.00
60.17 1.00 236.00 1.00
56.61 0.00 231.00 1.00
45.49 2.00 221.00 1.00
50.40 2.00 247.00 1.00
70.75 1.00 232.00 1.00
56.86 0.00 243.00 1.00
45.49 1.00 215.00 1.00
65.83 2.00 232.00 1.00
65.58 2.00 238.00 1.00
56.76 1.00 234.00 1.00
39.03 0.00 243.00 1.00
54.29 0.00 234.00 1.00
61.60 1.00 233.00 1.00
53.28 2.00 227.00 1.00
59.21 0.00 229.00 1.00
49.09 0.00 236.00 1.00
32.41 1.00 237.00 1.00
58.68 0.00 230.00 1.00
46.97 0.00 237.00 1.00
64.02 2.00 227.00 1.00
66.38 1.00 230.00 1.00
63.35 1.00 236.00 1.00
49.21 0.00 234.00 1.00
75.33 0.00 218.00 1.00
58.75 2.00 230.00 1.00
48.24 1.00 239.00 1.00
66.12 0.00 203.00 1.00
62.51 0.00 231.00 1.00
55.82 1.00 201.00 1.00
67.45 1.00 230.00 1.00
60.73 0.00 215.00 1.00
59.49 0.00 220.00 1.00
49.78 2.00 238.00 1.00
50.15 1.00 213.00 1.00
54.36 1.00 218.00 1.00
77.10 1.00 241.00 1.00
49.80 1.00 234.00 1.00
61.60 0.00 210.00 1.00
38.33 1.00 218.00 1.00
50.34 2.00 241.00 1.00
63.95 1.00 239.00 1.00
55.84 1.00 213.00 1.00
64.11 1.00 248.00 1.00
49.48 1.00 228.00 1.00
70.36 0.00 255.00 1.00
61.90 0.00 206.00 1.00
49.81 2.00 250.00 1.00
67.76 1.00 208.00 1.00
48.36 1.00 228.00 1.00
39.40 2.00 227.00 1.00
71.33 1.00 224.00 1.00
66.49 1.00 227.00 1.00
61.18 2.00 242.00 1.00
48.46 2.00 245.00 1.00
59.91 1.00 233.00 1.00
66.94 0.00 241.00 1.00
59.22 1.00 181.00 1.00
58.62 0.00 211.00 1.00
51.62 1.00 230.00 1.00
46.17 1.00 228.00 1.00
68.36 0.00 212.00 1.00
57.07 1.00 229.00 1.00
64.80 1.00 233.00 1.00
69.11 0.00 220.00 1.00
58.79 0.00 213.00 1.00
60.29 1.00 251.00 1.00
61.67 2.00 227.00 1.00
35.63 1.00 220.00 1.00
48.68 1.00 227.00 1.00
59.06 1.00 190.00 1.00
70.95 0.00 185.00 1.00
59.21 1.00 234.00 1.00
57.42 0.00 227.00 1.00
70.13 1.00 224.00 1.00
55.69 1.00 228.00 1.00
67.08 1.00 209.00 1.00
62.21 1.00 237.00 1.00
62.87 0.00 233.00 1.00
56.84 2.00 238.00 1.00
57.11 0.00 244.00 1.00
47.22 0.00 232.00 1.00
44.35 0.00 241.00 1.00
61.52 0.00 224.00 1.00
44.32 1.00 201.00 1.00
53.66 1.00 197.00 1.00
60.65 0.00 234.00 1.00
61.84 1.00 236.00 1.00
54.03 1.00 214.00 1.00
62.82 0.00 227.00 1.00
49.11 1.00 254.00 1.00
47.31 1.00 228.00 1.00
48.63 0.00 229.00 1.00
60.84 2.00 229.00 1.00
44.94 2.00 236.00 1.00
31.05 0.00 229.00 1.00
76.01 2.00 232.00 1.00
53.21 2.00 241.00 1.00
44.89 0.00 233.00 1.00
50.87 0.00 204.00 1.00
69.87 0.00 236.00 1.00
69.66 2.00 235.00 1.00
77.37 0.00 215.00 1.00
67.92 0.00 230.00 1.00
55.00 1.00 215.00 1.00
63.50 0.00 230.00 1.00
56.48 0.00 239.00 1.00
52.40 1.00 248.00 1.00
46.45 0.00 220.00 1.00
71.89 0.00 207.00 1.00
56.66 0.00 225.00 1.00
56.67 0.00 206.00 1.00
66.50 1.00 218.00 1.00
54.44 0.00 231.00 1.00
50.24 1.00 242.00 1.00
54.97 2.00 240.00 1.00
64.06 0.00 233.00 1.00
79.47 0.00 221.00 1.00
43.82 0.00 229.00 1.00
35.08 0.00 197.00 1.00
55.86 2.00 239.00 1.00
63.05 2.00 206.00 1.00
42.82 1.00 225.00 1.00
49.40 0.00 1.00 1.00
70.51 0.00 223.00 1.00
42.96 0.00 223.00 1.00
36.42 0.00 232.00 1.00
61.36 0.00 219.00 1.00
51.23 0.00 252.00 1.00
49.69 0.00 216.00 1.00
69.31 1.00 238.00 1.00
64.09 2.00 207.00 1.00
58.82 0.00 250.00 1.00
55.46 1.00 202.00 1.00
63.62 2.00 242.00 1.00
39.85 1.00 235.00 1.00
78.60 0.00 245.00 1.00
78.91 0.00 246.00 1.00
61.15 1.00 244.00 1.00
56.32 0.00 224.00 1.00
58.16 1.00 229.00 1.00
75.58 0.00 215.00 1.00
70.33 1.00 219.00 1.00
50.34 0.00 194.00 1.00
61.81 0.00 235.00 1.00
56.61 1.00 231.00 1.00
54.45 0.00 251.00 1.00
37.58 0.00 225.00 1.00
55.33 0.00 216.00 1.00
54.87 0.00 220.00 1.00
65.48 2.00 192.00 1.00
61.17 1.00 200.00 1.00
52.00 0.00 222.00 1.00
52.72 0.00 221.00 1.00
40.75 0.00 245.00 1.00
40.14 0.00 226.00 1.00
62.01 1.00 232.00 1.00
52.52 0.00 219.00 1.00
48.58 1.00 229.00 1.00
54.67 1.00 233.00 1.00
61.04 0.00 219.00 1.00
63.01 0.00 230.00 1.00
61.28 1.00 232.00 1.00
42.90 0.00 222.00 1.00
53.25 1.00 242.00 1.00
52.20 1.00 219.00 1.00
61.42 0.00 233.00 1.00
60.10 1.00 240.00 1.00
58.44 0.00 207.00 1.00
61.44 1.00 217.00 1.00
57.53 0.00 226.00 1.00
69.82 1.00 212.00 1.00
47.34 0.00 245.00 1.00
61.39 1.00 229.00 1.00
51.74 0.00 231.00 1.00
43.34 2.00 254.00 1.00
44.40 0.00 206.00 1.00
63.06 1.00 230.00 1.00
59.32 0.00 246.00 1.00
48.99 1.00 238.00 1.00
68.83 0.00 236.00 1.00
63.12 0.00 220.00 1.00
64.42 1.00 230.00 1.00
57.50 0.00 225.00 1.00
46.26 1.00 224.00 1.00
50.19 2.00 221.00 1.00
64.86 2.00 234.00 1.00
50.16 1.00 230.00 1.00
57.66 0.00 225.00 1.00
76.17 0.00 228.00 1.00
43.29 0.00 217.00 1.00
44.36 2.00 233.00 1.00
54.71 1.00 238.00 1.00
47.80 2.00 251.00 1.00
44.24 0.00 246.00 1.00
67.56 2.00 221.00 1.00
54.48 0.00 199.00 1.00
59.04 0.00 231.00 1.00
57.28 1.00 233.00 1.00
61.53 2.00 246.00 1.00
66.15 0.00 231.00 1.00
70.05 1.00 252.00 1.00
53.27 2.00 219.00 1.00
40.97 0.00 224.00 1.00
38.16 0.00 247.00 1.00
50.49 1.00 217.00 1.00
55.71 0.00 243.00 1.00
56.57 0.00 221.00 1.00
61.11 1.00 222.00 1.00
64.50 1.00 212.00 1.00
72.81 1.00 227.00 1.00
45.93 0.00 244.00 1.00
70.77 0.00 217.00 1.00
69.79 2.00 197.00 1.00
46.53 2.00 239.00 1.00
47.82 1.00 236.00 1.00
46.11 1.00 219.00 1.00
60.96 2.00 215.00 1.00
51.20 0.00 208.00 1.00
75.99 0.00 199.00 1.00
52.27 2.00 222.00 1.00
63.69 2.00 214.00 1.00
60.32 0.00 205.00 1.00
45.17 2.00 237.00 1.00
52.82 0.00 220.00 1.00
50.67 2.00 246.00 1.00
57.94 0.00 239.00 1.00
75.75 2.00 241.00 1.00
66.24 0.00 231.00 1.00
32.67 1.00 225.00 1.00
49.09 1.00 231.00 1.00
49.71 0.00 246.00 1.00
50.94 1.00 235.00 1.00
56.49 0.00 217.00 1.00
45.72 0.00 238.00 1.00
42.75 1.00 244.00 1.00
65.39 1.00 226.00 1.00
57.43 0.00 246.00 1.00
66.26 0.00 249.00 1.00
41.34 2.00 244.00 1.00
38.40 1.00 223.00 1.00
61.31 1.00 220.00 1.00
59.94 1.00 237.00 1.00
56.38 0.00 229.00 1.00
55.08 0.00 1.00 1.00
55.95 2.00 231.00 1.00
52.15 0.00 220.00 1.00
54.32 0.00 236.00 1.00
64.40 1.00 233.00 1.00
53.59 1.00 226.00 1.00
37.01 2.00 235.00 1.00
55.61 1.00 222.00 1.00
63.46 1.00 249.00 1.00
76.98 1.00 205.00 1.00
58.25 1.00 217.00 1.00
50.99 1.00 221.00 1.00
66.33 1.00 238.00 1.00
56.66 0.00 248.00 1.00
75.31 0.00 223.00 1.00
60.63 0.00 228.00 1.00
35.18 1.00 235.00 1.00
51.71 1.00 239.00 1.00
44.18 1.00 240.00 1.00
69.79 1.00 221.00 1.00
60.18 1.00 254.00 1.00
73.80 0.00 246.00 1.00
76.97 0.00 230.00 1.00
47.32 0.00 1.00 1.00
54.37 2.00 218.00 1.00
65.48 1.00 235.00 1.00
61.77 1.00 226.00 1.00
55.11 0.00 227.00 1.00
35.62 0.00 236.00 1.00
68.07 2.00 233.00 1.00
78.14 1.00 239.00 1.00
48.71 0.00 243.00 1.00
64.40 2.00 0.00 1.00
60.11 1.00 233.00 1.00
62.71 0.00 233.00 1.00
55.54 2.00 244.00 1.00
47.15 0.00 211.00 1.00
47.37 2.00 245.00 1.00
56.16 1.00 240.00 1.00
48.04 2.00 246.00 1.00
48.80 0.00 235.00 1.00
57.10 1.00 224.00 1.00
47.25 1.00 246.00 1.00
46.75 0.00 245.00 1.00
59.37 0.00 221.00 1.00
58.52 1.00 240.00 1.00
52.74 0.00 238.00 1.00
57.61 0.00 186.00 1.00
57.09 0.00 239.00 1.00
67.30 0.00 210.00 1.00
58.32 0.00 223.00 1.00
70.19 0.00 216.00 1.00
47.52 2.00 0.00 1.00
63.40 0.00 223.00 1.00
40.63 1.00 239.00 1.00
55.54 0.00 253.00 1.00
50.62 0.00 248.00 1.00
56.33 0.00 234.00 1.00
54.52 0.00 203.00 1.00
67.84 1.00 246.00 1.00
64.39 1.00 246.00 1.00
50.66 1.00 213.00 1.00
36.99 2.00 231.00 1.00
52.05 1.00 232.00 1.00
48.76 1.00 243.00 1.00
49.22 1.00 223.00 1.00
60.94 1.00 207.00 1.00
56.52 1.00 207.00 1.00
65.74 1.00 231.00 1.00
57.89 0.00 232.00 1.00
62.58 0.00 238.00 1.00
48.56 0.00 205.00 1.00
50.75 2.00 211.00 1.00
53.43 1.00 231.00 1.00
52.75 1.00 224.00 1.00
45.96 1.00 243.00 1.00
56.82 1.00 215.00 1.00
67.24 0.00 235.00 1.00
49.41 0.00 208.00 1.00
59.66 0.00 232.00 1.00
53.36 2.00 216.00 1.00
44.74 1.00 221.00 1.00
59.56 1.00 230.00 1.00
58.96 1.00 202.00 1.00
60.98 1.00 231.00 1.00
61.36 2.00 233.00 1.00
62.47 0.00 229.00 1.00
35.98 2.00 237.00 1.00
58.87 2.00 242.00 1.00
56.09 0.00 202.00 1.00
51.42 1.00 216.00 1.00
58.53 0.00 247.00 1.00
75.21 1.00 243.00 1.00
60.49 0.00 244.00 1.00
68.11 0.00 238.00 1.00
60.90 0.00 241.00 1.00
59.41 0.00 3.00 1.00
68.89 2.00 210.00 1.00
71.17 0.00 220.00 1.00
54.71 1.00 3.00 1.00
63.48 2.00 233.00 1.00
64.68 2.00 242.00 1.00
49.80 0.00 240.00 1.00
58.26 1.00 217.00 1.00
74.64 1.00 244.00 1.00
55.71 0.00 216.00 1.00
33.14 1.00 244.00 1.00
67.43 1.00 241.00 1.00
53.54 2.00 3.00 1.00
47.34 1.00 246.00 1.00
51.07 0.00 236.00 1.00
52.37 0.00 230.00 1.00
60.35 1.00 234.00 1.00
68.39 1.00 223.00 1.00
60.19 1.00 197.00 1.00
56.15 1.00 246.00 1.00
62.18 0.00 233.00 1.00
69.96 1.00 236.00 1.00
36.97 1.00 0.00 1.00
50.92 1.00 225.00 1.00
58.41 1.00 225.00 1.00
56.83 1.00 220.00 1.00
55.91 1.00 215.00 1.00
72.76 0.00 193.00 1.00
63.38 1.00 213.00 1.00
66.12 0.00 235.00 1.00
63.37 0.00 230.00 1.00
54.75 2.00 255.00 1.00
56.13 1.00 248.00 1.00
48.31 1.00 225.00 1.00
51.46 1.00 238.00 1.00
63.31 0.00 238.00 1.00
66.39 1.00 216.00 1.00
66.82 0.00 240.00 1.00
56.43 0.00 239.00 1.00
49.00 0.00 246.00 1.00
67.33 1.00 218.00 1.00
53.71 2.00 220.00 1.00
69.81 1.00 252.00 1.00
58.03 1.00 237.00 1.00
63.38 0.00 226.00 1.00
60.66 1.00 222.00 1.00
63.01 2.00 236.00 1.00
43.80 1.00 232.00 1.00
57.99 1.00 227.00 1.00
72.32 0.00 237.00 1.00
49.75 2.00 231.00 1.00
75.26 1.00 215.00 1.00
69.51 0.00 219.00 1.00
57.43 2.00 231.00 1.00
48.61 0.00 229.00 1.00
63.26 1.00 252.00 1.00
57.17 1.00 228.00 1.00
45.01 0.00 227.00 1.00
58.78 1.00 252.00 1.00
73.16 1.00 232.00 1.00
71.20 2.00 225.00 1.00
61.46 2.00 217.00 1.00
67.30 1.00 228.00 1.00
43.54 2.00 232.00 1.00
71.07 1.00 239.00 1.00
46.89 0.00 239.00 1.00
66.56 1.00 247.00 1.00
44.86 1.00 220.00 1.00
47.93 1.00 225.00 1.00
43.42 0.00 220.00 1.00
39.30 1.00 238.00 1.00
65.78 1.00 230.00 1.00
52.03 1.00 253.00 1.00
54.87 1.00 219.00 1.00
37.52 2.00 199.00 1.00
47.94 1.00 235.00 1.00
56.68 0.00 236.00 1.00
51.59 0.00 221.00 1.00
58.20 2.00 219.00 1.00
73.26 0.00 229.00 1.00
63.83 1.00 223.00 1.00
49.30 0.00 222.00 1.00
59.03 2.00 212.00 1.00
65.41 0.00 242.00 1.00
71.61 0.00 225.00 1.00
65.50 1.00 236.00 1.00
58.03 0.00 247.00 1.00
55.06 2.00 207.00 1.00
54.11 0.00 225.00 1.00
47.50 1.00 232.00 1.00
63.18 1.00 245.00 1.00
59.49 1.00 219.00 1.00
69.07 2.00 254.00 1.00
53.59 0.00 217.00 1.00
61.83 1.00 229.00 1.00
64.22 0.00 233.00 1.00
39.60 1.00 217.00 1.00
62.42 1.00 249.00 1.00
47.93 1.00 231.00 1.00
65.76 1.00 239.00 1.00
76.06 0.00 229.00 1.00
40.92 0.00 222.00 1.00
87.96 1.00 118.00 0.00
86.22 0.00 141.00 0.00
87.81 1.00 112.00 0.00
87.69 1.00 152.00 0.00
82.04 1.00 105.00 0.00
88.08 0.00 117.00 0.00
85.66 2.00 126.00 0.00
85.32 0.00 149.00 0.00
82.76 1.00 134.00 0.00
82.46 1.00 117.00 0.00
87.98 1.00 111.00 0.00
88.59 0.00 138.00 0.00
89.59 0.00 135.00 0.00
85.40 0.00 126.00 0.00
82.96 0.00 140.00 0.00
85.18 2.00 154.00 0.00
83.62 1.00 154.00 0.00
84.04 1.00 155.00 0.00
89.68 1.00 132.00 0.00
88.05 0.00 124.00 0.00
88.18 0.00 147.00 0.00
87.44 0.00 141.00 0.00
83.91 0.00 127.00 0.00
84.81 2.00 118.00 0.00
88.44 0.00 139.00 0.00
83.18 2.00 124.00 0.00
88.15 0.00 152.00 0.00
83.41 1.00 125.00 0.00
87.78 1.00 114.00 0.00
89.88 1.00 105.00 0.00
88.14 1.00 136.00 0.00
82.28 0.00 118.00 0.00
87.34 2.00 130.00 0.00
86.58 1.00 123.00 0.00
82.62 0.00 150.00 0.00
83.83 1.00 141.00 0.00
88.76 1.00 117.00 0.00
82.54 0.00 138.00 0.00
85.45 1.00 131.00 0.00
87.43 1.00 137.00 0.00
86.19 2.00 173.00 0.00
88.71 2.00 138.00 0.00
88.97 0.00 170.00 0.00
87.43 1.00 153.00 0.00
86.16 0.00 129.00 0.00
82.69 0.00 122.00 0.00
84.29 1.00 126.00 0.00
83.54 1.00 139.00 0.00
83.46 0.00 131.00 0.00
86.92 0.00 128.00 0.00
89.75 1.00 122.00 0.00
82.70 0.00 113.00 0.00
84.49 0.00 165.00 0.00
89.46 0.00 130.00 0.00
87.53 0.00 152.00 0.00
87.05 0.00 126.00 0.00
89.10 0.00 145.00 0.00
87.22 1.00 125.00 0.00
84.24 0.00 138.00 0.00
88.00 0.00 135.00 0.00
86.95 2.00 142.00 0.00
84.39 0.00 127.00 0.00
83.12 1.00 135.00 0.00
89.74 0.00 138.00 0.00
86.40 0.00 120.00 0.00
83.57 1.00 148.00 0.00
83.67 1.00 119.00 0.00
87.77 1.00 143.00 0.00
88.71 1.00 142.00 0.00
82.31 0.00 110.00 0.00
84.77 0.00 146.00 0.00
87.73 1.00 123.00 0.00
82.75 2.00 132.00 0.00
89.96 0.00 139.00 0.00
84.64 1.00 151.00 0.00
82.87 1.00 147.00 0.00
87.28 1.00 114.00 0.00
86.30 1.00 128.00 0.00
87.06 1.00 138.00 0.00
83.07 2.00 141.00 0.00
87.09 0.00 135.00 0.00
87.32 1.00 125.00 0.00
84.10 1.00 110.00 0.00
85.18 0.00 132.00 0.00
88.94 2.00 108.00 0.00
84.18 1.00 145.00 0.00
82.88 0.00 128.00 0.00
82.79 0.00 121.00 0.00
85.23 2.00 146.00 0.00
83.51 1.00 121.00 0.00
84.82 0.00 122.00 0.00
82.13 1.00 102.00 0.00
88.45 1.00 147.00 0.00
87.61 1.00 127.00 0.00
84.64 0.00 116.00 0.00
89.77 1.00 137.00 0.00
84.08 1.00 136.00 0.00
84.67 2.00 139.00 0.00
83.17 1.00 124.00 0.00
89.37 0.00 123.00 0.00
82.93 0.00 148.00 0.00
84.15 2.00 120.00 0.00
85.44 1.00 112.00 0.00
83.25 0.00 110.00 0.00
85.60 1.00 123.00 0.00
86.89 0.00 113.00 0.00
86.58 1.00 145.00 0.00
85.47 2.00 117.00 0.00
82.49 2.00 124.00 0.00
85.09 1.00 118.00 0.00
82.88 1.00 128.00 0.00
85.03 1.00 132.00 0.00
83.25 0.00 127.00 0.00
85.82 2.00 156.00 0.00
85.57 1.00 132.00 0.00
87.78 1.00 146.00 0.00
87.61 1.00 152.00 0.00
89.42 1.00 117.00 0.00
84.63 0.00 150.00 0.00
86.32 1.00 123.00 0.00
84.51 1.00 157.00 0.00
88.24 0.00 108.00 0.00
84.73 1.00 134.00 0.00
87.59 0.00 105.00 0.00
84.97 2.00 130.00 0.00
85.82 0.00 129.00 0.00
89.06 0.00 139.00 0.00
85.13 1.00 138.00 0.00
85.86 0.00 129.00 0.00
88.18 0.00 169.00 0.00
88.42 0.00 134.00 0.00
89.90 2.00 157.00 0.00
85.70 1.00 119.00 0.00
86.26 0.00 121.00 0.00
82.49 0.00 134.00 0.00
83.79 1.00 126.00 0.00
84.06 1.00 120.00 0.00
82.72 1.00 136.00 0.00
84.46 0.00 149.00 0.00
83.71 0.00 140.00 0.00
82.90 1.00 125.00 0.00
87.03 1.00 125.00 0.00
89.54 0.00 135.00 0.00
85.03 0.00 150.00 0.00
89.47 1.00 140.00 0.00
86.71 1.00 144.00 0.00
83.66 0.00 136.00 0.00
88.45 0.00 156.00 0.00
84.92 2.00 109.00 0.00
85.07 0.00 120.00 0.00
87.53 1.00 129.00 0.00
86.77 0.00 110.00 0.00
88.53 1.00 160.00 0.00
89.35 1.00 142.00 0.00
82.54 0.00 149.00 0.00
87.34 1.00 140.00 0.00
88.69 2.00 142.00 0.00
82.84 0.00 118.00 0.00
83.41 0.00 127.00 0.00
85.11 1.00 144.00 0.00
84.28 0.00 146.00 0.00
88.45 0.00 136.00 0.00
82.45 1.00 130.00 0.00
87.69 0.00 122.00 0.00
88.20 2.00 138.00 0.00
84.19 1.00 111.00 0.00
86.77 1.00 146.00 0.00
86.01 1.00 144.00 0.00
85.09 0.00 137.00 0.00
88.19 2.00 118.00 0.00
89.84 2.00 106.00 0.00
85.70 0.00 113.00 0.00
85.26 1.00 129.00 0.00
85.49 0.00 120.00 0.00
82.30 2.00 120.00 0.00
84.56 0.00 133.00 0.00
88.41 0.00 136.00 0.00
83.56 1.00 108.00 0.00
89.06 2.00 105.00 0.00
87.02 0.00 136.00 0.00
87.35 1.00 153.00 0.00
83.76 0.00 119.00 0.00
83.39 1.00 131.00 0.00
83.51 1.00 143.00 0.00
87.33 1.00 114.00 0.00
88.11 0.00 133.00 0.00
88.31 0.00 116.00 0.00
87.22 0.00 124.00 0.00
83.93 0.00 140.00 0.00
84.40 0.00 122.00 0.00
87.62 1.00 145.00 0.00
87.21 1.00 110.00 0.00
82.87 0.00 147.00 0.00
87.80 2.00 121.00 0.00
89.15 0.00 131.00 0.00
88.51 0.00 105.00 0.00
82.21 0.00 146.00 0.00
88.90 1.00 127.00 0.00
88.38 0.00 130.00 0.00
84.29 2.00 164.00 0.00
84.10 0.00 114.00 0.00
89.77 1.00 109.00 0.00
87.26 0.00 144.00 0.00
84.05 2.00 108.00 0.00
87.19 0.00 146.00 0.00
85.58 0.00 120.00 0.00
88.97 0.00 116.00 0.00
89.93 0.00 147.00 0.00
86.65 0.00 144.00 0.00
88.88 0.00 126.00 0.00
82.48 1.00 141.00 0.00
85.91 0.00 118.00 0.00
88.07 0.00 115.00 0.00
89.77 0.00 151.00 0.00
85.51 1.00 138.00 0.00
82.71 0.00 117.00 0.00
89.74 1.00 132.00 0.00
89.71 1.00 138.00 0.00
84.98 2.00 141.00 0.00
83.98 0.00 109.00 0.00
87.56 0.00 153.00 0.00
88.14 1.00 150.00 0.00
85.12 0.00 144.00 0.00
89.74 1.00 151.00 0.00
83.57 0.00 103.00 0.00
84.01 2.00 131.00 0.00
82.61 0.00 139.00 0.00
86.87 1.00 121.00 0.00
83.59 2.00 127.00 0.00
82.38 0.00 146.00 0.00
88.43 1.00 113.00 0.00
84.19 1.00 136.00 0.00
88.66 0.00 142.00 0.00
89.45 0.00 109.00 0.00
85.30 1.00 135.00 0.00
87.93 0.00 105.00 0.00
89.91 0.00 144.00 0.00
88.75 2.00 119.00 0.00
82.07 2.00 128.00 0.00
88.64 2.00 130.00 0.00
82.44 2.00 121.00 0.00
82.07 1.00 111.00 0.00
83.81 0.00 115.00 0.00
85.81 1.00 122.00 0.00
84.70 2.00 129.00 0.00
84.63 0.00 146.00 0.00
87.85 1.00 133.00 0.00
85.60 0.00 121.00 0.00
85.31 0.00 139.00 0.00
83.24 0.00 141.00 0.00
82.84 0.00 141.00 0.00
87.48 2.00 120.00 0.00
87.00 1.00 148.00 0.00
85.40 1.00 148.00 0.00
83.77 2.00 137.00 0.00
88.46 1.00 107.00 0.00
84.95 1.00 139.00 0.00
82.38 2.00 146.00 0.00
87.07 0.00 147.00 0.00
86.34 2.00 121.00 0.00
88.98 0.00 142.00 0.00
87.23 1.00 113.00 0.00
82.09 0.00 133.00 0.00
85.40 0.00 136.00 0.00
86.58 1.00 133.00 0.00
83.81 1.00 149.00 0.00
85.58 0.00 130.00 0.00
86.46 2.00 152.00 0.00
84.12 0.00 117.00 0.00
85.47 1.00 120.00 0.00
88.40 2.00 149.00 0.00
84.41 0.00 156.00 0.00
84.34 1.00 122.00 0.00
87.16 0.00 122.00 0.00
84.52 0.00 130.00 0.00
85.91 2.00 116.00 0.00
89.06 0.00 126.00 0.00
88.92 1.00 137.00 0.00
88.08 1.00 128.00 0.00
84.71 2.00 111.00 0.00
87.84 1.00 113.00 0.00
89.82 1.00 148.00 0.00
87.03 1.00 115.00 0.00
85.37 2.00 145.00 0.00
86.43 0.00 119.00 0.00
84.77 0.00 123.00 0.00
88.49 0.00 134.00 0.00
86.08 2.00 143.00 0.00
87.33 1.00 116.00 0.00
86.07 1.00 111.00 0.00
86.72 2.00 111.00 0.00
83.25 0.00 106.00 0.00
86.75 1.00 111.00 0.00
89.82 1.00 114.00 0.00
86.44 1.00 148.00 0.00
85.71 1.00 141.00 0.00
89.03 1.00 122.00 0.00
89.17 0.00 154.00 0.00
83.51 2.00 134.00 0.00
85.99 0.00 129.00 0.00
83.50 2.00 140.00 0.00
86.73 2.00 141.00 0.00
82.30 2.00 128.00 0.00
89.47 1.00 148.00 0.00
86.44 1.00 134.00 0.00
89.58 1.00 116.00 0.00
88.77 0.00 105.00 0.00
88.79 1.00 107.00 0.00
87.41 0.00 131.00 0.00
89.89 0.00 133.00 0.00
82.83 2.00 119.00 0.00
87.71 1.00 128.00 0.00
88.56 0.00 134.00 0.00
83.47 2.00 113.00 0.00
85.27 0.00 138.00 0.00
89.07 0.00 132.00 0.00
83.24 0.00 126.00 0.00
87.61 1.00 120.00 0.00
86.01 0.00 118.00 0.00
87.46 0.00 115.00 0.00
82.24 1.00 127.00 0.00
84.65 1.00 139.00 0.00
87.19 2.00 144.00 0.00
88.58 0.00 120.00 0.00
83.77 2.00 148.00 0.00
87.68 1.00 129.00 0.00
86.63 1.00 116.00 0.00
84.64 1.00 148.00 0.00
87.27 1.00 133.00 0.00
87.11 0.00 138.00 0.00
85.75 1.00 118.00 0.00
86.23 0.00 134.00 0.00
82.48 1.00 120.00 0.00
83.62 0.00 132.00 0.00
89.76 1.00 104.00 0.00
83.82 0.00 124.00 0.00
86.38 1.00 117.00 0.00
84.83 2.00 113.00 0.00
88.46 0.00 125.00 0.00
88.46 1.00 128.00 0.00
86.25 0.00 154.00 0.00
87.15 0.00 147.00 0.00
84.68 0.00 135.00 0.00
84.70 2.00 123.00 0.00
87.86 1.00 114.00 0.00
82.71 1.00 123.00 0.00
82.23 0.00 135.00 0.00
82.28 2.00 136.00 0.00
84.80 0.00 116.00 0.00
86.62 1.00 127.00 0.00
86.38 0.00 127.00 0.00
87.35 0.00 115.00 0.00
89.03 1.00 143.00 0.00
86.44 2.00 134.00 0.00
87.18 1.00 149.00 0.00
87.44 1.00 134.00 0.00
88.09 1.00 113.00 0.00
89.64 2.00 119.00 0.00
86.96 2.00 121.00 0.00
87.85 0.00 136.00 0.00
82.61 0.00 137.00 0.00
89.90 0.00 133.00 0.00
84.82 0.00 120.00 0.00
89.37 1.00 137.00 0.00
82.32 1.00 114.00 0.00
82.76 2.00 117.00 0.00
88.60 2.00 116.00 0.00
84.21 2.00 116.00 0.00
82.15 1.00 143.00 0.00
88.25 1.00 136.00 0.00
89.86 0.00 123.00 0.00
89.48 2.00 125.00 0.00
88.32 0.00 144.00 0.00
84.11 1.00 123.00 0.00
84.54 0.00 154.00 0.00
83.87 2.00 117.00 0.00
82.65 2.00 118.00 0.00
88.71 2.00 118.00 0.00
89.88 0.00 135.00 0.00
84.22 1.00 111.00 0.00
88.56 2.00 151.00 0.00
84.28 0.00 121.00 0.00
83.89 2.00 118.00 0.00
85.17 2.00 149.00 0.00
87.10 2.00 106.00 0.00
87.46 2.00 103.00 0.00
89.55 0.00 118.00 0.00
88.65 0.00 116.00 0.00
87.60 1.00 110.00 0.00
86.35 1.00 136.00 0.00
84.03 0.00 130.00 0.00
87.59 1.00 161.00 0.00
89.71 0.00 123.00 0.00
82.94 1.00 165.00 0.00
85.75 1.00 138.00 0.00
84.49 0.00 137.00 0.00
85.44 1.00 133.00 0.00
83.86 0.00 136.00 0.00
88.70 2.00 126.00 0.00
86.29 1.00 119.00 0.00
83.63 0.00 147.00 0.00
89.10 2.00 137.00 0.00
89.17 0.00 133.00 0.00
87.04 1.00 120.00 0.00
83.45 2.00 145.00 0.00
83.36 0.00 136.00 0.00
88.03 0.00 137.00 0.00
82.16 1.00 110.00 0.00
88.04 0.00 111.00 0.00
84.24 1.00 150.00 0.00
88.77 0.00 136.00 0.00
89.89 1.00 124.00 0.00
89.62 0.00 143.00 0.00
88.24 0.00 123.00 0.00
86.25 0.00 126.00 0.00
88.84 2.00 129.00 0.00
89.07 1.00 124.00 0.00
85.12 2.00 112.00 0.00
82.84 0.00 119.00 0.00
87.48 0.00 138.00 0.00
88.65 0.00 149.00 0.00
84.12 1.00 124.00 0.00
89.49 2.00 122.00 0.00
89.01 1.00 150.00 0.00
89.67 1.00 121.00 0.00
89.42 2.00 123.00 0.00
86.55 0.00 139.00 0.00
87.35 1.00 125.00 0.00
89.54 2.00 115.00 0.00
89.25 0.00 145.00 0.00
86.56 1.00 118.00 0.00
84.25 1.00 143.00 0.00
83.14 0.00 129.00 0.00
85.30 0.00 135.00 0.00
85.05 0.00 148.00 0.00
83.91 0.00 153.00 0.00
82.35 0.00 113.00 0.00
85.48 0.00 152.00 0.00
84.14 0.00 119.00 0.00
88.03 0.00 120.00 0.00
82.44 2.00 134.00 0.00
87.44 2.00 124.00 0.00
87.80 1.00 124.00 0.00
88.49 1.00 116.00 0.00
87.29 0.00 102.00 0.00
83.45 0.00 146.00 0.00
82.06 1.00 109.00 0.00
85.91 1.00 115.00 0.00
84.38 0.00 125.00 0.00
83.98 1.00 120.00 0.00
84.16 0.00 114.00 0.00
88.51 0.00 126.00 0.00
88.09 1.00 132.00 0.00
86.30 1.00 141.00 0.00
83.75 1.00 152.00 0.00
87.18 1.00 139.00 0.00
85.54 2.00 125.00 0.00
88.65 0.00 101.00 0.00
87.33 1.00 138.00 0.00
88.71 1.00 128.00 0.00
85.65 0.00 118.00 0.00
82.40 1.00 146.00 0.00
89.54 0.00 119.00 0.00
86.22 0.00 123.00 0.00
87.80 0.00 137.00 0.00
84.13 1.00 140.00 0.00
86.98 2.00 133.00 0.00
84.95 1.00 130.00 0.00
84.45 2.00 121.00 0.00
85.77 1.00 115.00 0.00
88.63 1.00 132.00 0.00
83.59 0.00 119.00 0.00
84.64 1.00 139.00 0.00
88.18 2.00 147.00 0.00
84.96 2.00 101.00 0.00
86.77 0.00 140.00 0.00
87.59 1.00 105.00 0.00
89.92 2.00 123.00 0.00
84.69 0.00 142.00 0.00
84.63 2.00 144.00 0.00
85.92 2.00 119.00 0.00
82.02 1.00 143.00 0.00
86.86 0.00 103.00 0.00
89.28 2.00 128.00 0.00
84.03 1.00 120.00 0.00
86.73 1.00 121.00 0.00
86.46 0.00 164.00 0.00
83.30 1.00 146.00 0.00
82.43 1.00 113.00 0.00
86.94 2.00 147.00 0.00
89.79 0.00 135.00 0.00
89.52 0.00 120.00 0.00
86.76 1.00 101.00 0.00
84.58 1.00 119.00 0.00
82.44 0.00 138.00 0.00
82.57 1.00 140.00 0.00
84.98 0.00 104.00 0.00
86.51 1.00 136.00 0.00
84.59 1.00 149.00 0.00
85.91 2.00 131.00 0.00
